0	100	0.02	0.002	50	0000	300	1	B	2	0.5	0	1	500	500	1000	0	1	300	300	0	0	0	1	658.853	671.479	372.79	358.376	500.019	498.169	0.998325
0	100	0.02	0.002	50	0000	300	1	B	2	0.5	0	1	500	500	1000	0	1	300	300	0	0	0	1	659.488	659.488	397.164	360.57	487.369	511.896	0.860257
0	100	0.02	0.002	50	0000	300	1	B	2	0.5	0	1	500	500	1000	0	1	300	300	0	0	0	1	682.762	663.74	372.79	360.57	505.287	499.449	0.985973
0	100	0.02	0.002	50	0000	300	1	B	2	0.5	0	1	500	500	1000	0	1	300	300	0	0	1	0	682.762	675.701	358.376	372.79	511.905	496.122	0.92461
0	100	0.02	0.002	50	0000	300	1	B	2	0.5	0	1	500	500	1000	0	1	300	300	0	0	1	0	675.701	643.985	361.788	369.174	494.107	501.256	0.98201
0	100	0.02	0.002	50	0000	300	1	B	2	0.5	0	1	500	500	1000	0	1	300	300	0	0	0	1	671.226	665.173	372.79	361.788	500.178	501.553	0.998779
0	100	0.02	0.002	50	0000	300	1	B	2	0.5	0	1	500	500	1000	0	1	300	300	0	0	1	1	659.488	648.924	358.376	358.376	386.056	716.752	9.52521e-14
0	100	0.02	0.002	50	0000	300	1	B	2	0.5	0	1	500	500	1000	0	1	300	300	0	0	0	0	659.488	653.626	372.79	372.79	775.506	207.971	9.98387e-36
0	100	0.02	0.002	50	0000	300	1	B	2	0.5	0	1	500	500	1000	0	1	300	300	0	0	0	0	650.98	650.98	372.79	360.673	773.475	204.978	7.2412e-36
0	100	0.02	0.002	50	0000	300	1	B	2	0.5	0	1	500	500	1000	0	1	300	300	0	0	0	1	659.526	659.488	366.398	358.376	496.926	496.305	0.988514
0	100	0.02	0.002	50	0000	300	1	B	2	0.5	0	1	500	500	1000	0	1	300	300	0	0	1	0	686.789	692.251	366.757	361.076	517.631	499.241	0.855798
0	100	0.02	0.002	50	0000	300	1	B	2	0.5	0	1	500	500	1000	0	1	300	300	0	0	0	0	659.488	650.98	372.79	372.79	773.289	208.401	2.0791e-35
0	100	0.02	0.002	50	0000	300	1	B	2	0.5	0	1	500	500	1000	0	1	300	300	0	0	0	0	675.386	650.98	372.79	357.647	795.887	199.958	2.75548e-39
0	100	0.02	0.002	50	0000	300	1	B	2	0.5	0	1	500	500	1000	0	1	300	300	0	0	0	0	671.479	659.526	385.668	341.189	802.019	197.871	2.35059e-40
0	100	0.02	0.002	50	0000	300	1	B	2	0.5	0	1	500	500	1000	0	1	300	300	0	0	1	1	642.472	648.924	358.376	358.376	381.036	716.752	5.30809e-14
0	100	0.02	0.002	50	0000	300	1	B	2	0.5	0	1	500	500	1000	0	1	300	300	0	0	1	0	686.789	663.74	358.376	372.79	508.55	496.694	0.958855
0	100	0.02	0.002	50	0000	300	1	B	2	0.5	0	1	500	500	1000	0	1	300	300	0	0	0	1	680.298	680.298	372.79	360.57	511.225	498.432	0.937785
0	100	0.02	0.002	50	0000	300	1	B	2	0.5	0	1	500	500	1000	0	1	300	300	0	0	0	0	659.488	659.526	397.164	372.79	765.788	216.728	1.71956e-33
0	100	0.02	0.002	50	0000	300	1	B	2	0.5	0	1	500	500	1000	0	1	300	300	0	0	0	1	785.764	682.624	385.668	358.376	555.02	493.695	0.215789
0	100	0.02	0.002	50	0000	300	1	B	2	0.5	0	1	500	500	1000	0	1	300	300	0	0	1	1	676.094	659.488	366.635	358.376	390.898	725.011	2.63713e-14
0	100	0.02	0.002	50	0000	300	1	B	2	0.5	0	1	500	500	1000	0	1	300	300	0	0	0	1	648.924	650.244	372.79	358.376	486.882	500.503	0.917437
0	100	0.02	0.002	50	0000	300	1	B	2	0.5	0	1	500	500	1000	0	1	300	300	0	0	1	1	680.239	650.739	360.57	349.506	395.31	710.076	1.0888e-12
0	100	0.02	0.002	50	0000	300	1	B	2	0.5	0	1	500	500	1000	0	1	300	300	0	0	1	0	668.78	650.98	358.376	372.79	495.559	498.953	0.989643
0	100	0.02	0.002	50	0000	300	1	B	2	0.5	0	1	500	500	1000	0	1	300	300	0	0	0	0	650.739	713.709	385.668	385.668	802.919	209.808	6.14126e-39
0	100	0.02	0.002	50	0000	300	1	B	2	0.5	0	1	500	500	1000	0	1	300	300	0	0	1	1	659.488	686.789	358.376	358.376	397.229	716.752	3.19621e-13
0	100	0.02	0.002	50	0000	300	1	B	2	0.5	0	1	500	500	1000	0	1	300	300	0	0	1	1	659.488	668.345	360.57	358.376	390.943	718.946	1.01841e-13
0	100	0.02	0.002	50	0000	300	1	B	2	0.5	0	1	500	500	1000	0	1	300	300	0	0	0	1	663.74	682.762	363.287	358.376	509.376	493.03	0.934031
0	100	0.02	0.002	50	0000	300	1	B	2	0.5	0	1	500	500	1000	0	1	300	300	0	0	1	0	686.789	659.488	358.376	372.79	506.753	497.002	0.973074
0	100	0.02	0.002	50	0000	300	1	B	2	0.5	0	1	500	500	1000	0	1	300	300	0	0	1	0	659.488	659.488	358.376	372.79	495.229	499.011	0.988198
0	100	0.02	0.002	50	0000	300	1	B	2	0.5	0	1	500	500	1000	0	1	300	300	0	0	1	1	659.488	659.488	358.376	358.376	389.174	716.752	1.35214e-13
0	100	0.02	0.002	50	0000	300	1	B	2	0.5	0	1	500	500	1000	0	1	300	300	0	0	1	0	658.853	663.74	358.376	372.79	496.754	498.742	0.993958
0	100	0.02	0.002	50	0000	300	1	B	2	0.5	0	1	500	500	1000	0	1	300	300	0	0	0	0	650.98	657.107	372.79	385.668	763.567	213.938	1.39905e-33
0	100	0.02	0.002	50	0000	300	1	B	2	0.5	0	1	500	500	1000	0	1	300	300	0	0	0	1	643.985	650.739	355.678	360.57	487.97	495.986	0.922729
0	100	0.02	0.002	50	0000	300	1	B	2	0.5	0	1	500	500	1000	0	1	300	300	0	0	0	0	668.78	656.648	369.174	385.668	780.221	209.635	4.37259e-36
0	100	0.02	0.002	50	0000	300	1	B	2	0.5	0	1	500	500	1000	0	1	300	300	0	0	0	0	650.739	663.74	372.79	372.79	776.649	207.75	6.82632e-36
0	100	0.02	0.002	50	0000	300	1	B	2	0.5	0	1	500	500	1000	0	1	300	300	0	0	1	1	657.107	650.98	360.57	358.376	385.13	718.946	5.31166e-14
0	100	0.02	0.002	50	0000	300	1	B	2	0.5	0	1	500	500	1000	0	1	300	300	0	0	1	1	675.701	663.74	371.035	358.376	390.352	729.411	9.14008e-15
0	100	0.02	0.002	50	0000	300	1	B	2	0.5	0	1	500	500	1000	0	1	300	300	0	0	1	1	643.985	659.526	360.57	358.376	383.782	718.946	4.54588e-14
0	100	0.02	0.002	50	0000	300	1	B	2	0.5	0	1	500	500	1000	0	1	300	300	0	0	0	0	659.488	658.536	372.79	391.664	768.254	214.683	4.97687e-34
0	100	0.02	0.002	50	0000	300	1	B	2	0.5	0	1	500	500	1000	0	1	300	300	0	0	1	0	659.488	657.107	358.376	372.79	494.225	499.189	0.983137
0	100	0.02	0.002	50	0000	300	1	B	2	0.5	0	1	500	500	1000	0	1	300	300	0	0	0	1	682.762	659.488	372.79	360.57	503.496	499.758	0.993877
0	100	0.02	0.002	50	0000	300	1	B	2	0.5	0	1	500	500	1000	0	1	300	300	0	0	1	0	650.98	650.98	360.57	361.076	489.609	497.756	0.945058
0	100	0.02	0.002	50	0000	300	1	B	2	0.5	0	1	500	500	1000	0	1	300	300	0	0	0	1	659.526	693.993	372.79	358.376	509.814	496.478	0.947088
0	100	0.02	0.002	50	0000	300	1	B	2	0.5	0	1	500	500	1000	0	1	300	300	0	0	0	1	659.488	650.98	372.79	358.376	491.642	499.648	0.965615
0	100	0.02	0.002	50	0000	300	1	B	2	0.5	0	1	500	500	1000	0	1	300	300	0	0	1	0	680.239	650.98	358.376	385.668	497.005	503.545	0.989289
0	100	0.02	0.002	50	0000	300	1	B	2	0.5	0	1	500	500	1000	0	1	300	300	0	0	1	1	650.98	635.692	358.376	358.376	379.642	716.752	4.4928e-14
0	100	0.02	0.002	50	0000	300	1	B	2	0.5	0	1	500	500	1000	0	1	300	300	0	0	1	0	675.404	696.249	358.376	355.678	522.089	488.171	0.730576
0	100	0.02	0.002	50	0000	300	1	B	2	0.5	0	1	500	500	1000	0	1	300	300	0	0	0	0	656.648	650.98	372.79	372.79	770.911	208.863	4.54403e-35
0	100	0.02	0.002	50	0000	300	1	B	2	0.5	0	1	500	500	1000	0	1	300	300	0	0	1	1	658.414	660.704	361.788	366.757	384.753	728.545	5.93823e-15
0	100	0.02	0.002	50	0000	300	1	B	2	0.5	0	1	500	500	1000	0	1	300	300	0	0	0	1	674.67	642.29	372.79	358.376	494.378	499.162	0.983976
0	100	0.02	0.002	50	0000	300	1	B	2	0.5	0	1	500	500	1000	0	1	300	300	0	0	0	0	659.488	642.472	372.79	372.79	766.172	209.792	2.12503e-34
0	100	0.02	0.002	50	0000	300	1	B	2	0.5	0	1	500	500	1000	0	1	300	300	0	0	1	1	650.98	659.526	360.57	360.57	385.013	721.14	3.23384e-14
0	100	0.02	0.002	50	0000	300	1	B	2	0.5	0	1	500	500	1000	0	1	300	300	0	0	1	1	680.239	657.107	358.376	360.57	393.744	718.946	1.37681e-13
0	100	0.02	0.002	50	0000	300	1	B	2	0.5	0	1	500	500	1000	0	1	300	300	0	0	0	1	680.239	658.853	372.79	360.57	502.167	499.989	0.997655
0	100	0.02	0.002	50	0000	300	1	B	2	0.5	0	1	500	500	1000	0	1	300	300	0	0	0	1	659.488	667.764	372.79	361.788	496.338	502.227	0.990856
0	100	0.02	0.002	50	0000	300	1	B	2	0.5	0	1	500	500	1000	0	1	300	300	0	0	0	1	686.789	649.582	372.79	358.376	502.568	497.725	0.994131
0	100	0.02	0.002	50	0000	300	1	B	2	0.5	0	1	500	500	1000	0	1	300	300	0	0	0	0	658.853	650.98	372.79	372.79	772.757	208.504	2.47763e-35
0	100	0.02	0.002	50	0000	300	1	B	2	0.5	0	1	500	500	1000	0	1	300	300	0	0	0	0	659.488	663.74	372.79	355.678	794.442	199.682	3.88544e-39
0	100	0.02	0.002	50	0000	300	1	B	2	0.5	0	1	500	500	1000	0	1	300	300	0	0	0	1	680.298	659.526	372.79	366.757	498.152	506.877	0.974966
0	100	0.02	0.002	50	0000	300	1	B	2	0.5	0	1	500	500	1000	0	1	300	300	0	0	0	0	659.488	659.488	355.678	366.409	794.765	197.875	2.05003e-39
0	100	0.02	0.002	50	0000	300	1	B	2	0.5	0	1	500	500	1000	0	1	300	300	0	0	1	0	663.74	663.74	358.376	372.79	498.815	498.38	0.997987
0	100	0.02	0.002	50	0000	300	1	B	2	0.5	0	1	500	500	1000	0	1	300	300	0	0	0	1	682.762	663.74	385.668	358.376	503.439	502.382	0.991286
0	100	0.02	0.002	50	0000	300	1	B	2	0.5	0	1	500	500	1000	0	1	300	300	0	0	1	0	650.98	669.408	358.376	366.409	497.503	496.209	0.989751
0	100	0.02	0.002	50	0000	300	1	B	2	0.5	0	1	500	500	1000	0	1	300	300	0	0	0	1	659.488	659.488	372.79	358.376	495.229	499.011	0.988198
0	100	0.02	0.002	50	0000	300	1	B	2	0.5	0	1	500	500	1000	0	1	300	300	0	0	0	1	659.488	675.701	366.409	358.376	503.759	495.137	0.981288
0	100	0.02	0.002	50	0000	300	1	B	2	0.5	0	1	500	500	1000	0	1	300	300	0	0	0	0	692.251	692.787	372.79	372.79	836.302	196.844	3.0501e-45
0	100	0.02	0.002	50	0000	300	1	B	2	0.5	0	1	500	500	1000	0	1	300	300	0	0	1	0	682.762	682.762	358.376	372.79	514.892	495.617	0.886481
0	100	0.02	0.002	50	0000	300	1	B	2	0.5	0	1	500	500	1000	0	1	300	300	0	0	0	1	659.488	678.02	372.79	358.376	503.049	497.641	0.992598
0	100	0.02	0.002	50	0000	300	1	B	2	0.5	0	1	500	500	1000	0	1	300	300	0	0	0	0	663.74	601.362	390.821	369.174	727.092	221.984	1.04147e-28
0	100	0.02	0.002	50	0000	300	1	B	2	0.5	0	1	500	500	1000	0	1	300	300	0	0	1	0	692.206	678.9	358.376	382.61	514.629	499.278	0.898288
0	100	0.02	0.002	50	0000	300	1	B	2	0.5	0	1	500	500	1000	0	1	300	300	0	0	0	1	659.488	650.98	385.668	358.376	488.281	505.151	0.921336
0	100	0.02	0.002	50	0000	300	1	B	2	0.5	0	1	500	500	1000	0	1	300	300	0	0	0	0	648.387	663.74	372.79	372.79	774.678	208.131	1.31371e-35
0	100	0.02	0.002	50	0000	300	1	B	2	0.5	0	1	500	500	1000	0	1	300	300	0	0	0	1	650.98	668.345	372.79	358.376	495.375	498.985	0.988854
0	100	0.02	0.002	50	0000	300	1	B	2	0.5	0	1	500	500	1000	0	1	300	300	0	0	1	1	650.98	663.74	358.376	358.376	387.918	716.752	1.17551e-13
0	100	0.02	0.002	50	0000	300	1	B	2	0.5	0	1	500	500	1000	0	1	300	300	0	0	1	1	648.924	678.8	358.376	358.376	391.754	716.752	1.79385e-13
0	100	0.02	0.002	50	0000	300	1	B	2	0.5	0	1	500	500	1000	0	1	300	300	0	0	0	1	637.092	659.488	379.424	358.376	484.069	503.551	0.875286
0	100	0.02	0.002	50	0000	300	1	B	2	0.5	0	1	500	500	1000	0	1	300	300	0	0	1	1	658.853	671.226	358.376	360.57	391.604	718.946	1.09432e-13
0	100	0.02	0.002	50	0000	300	1	B	2	0.5	0	1	500	500	1000	0	1	300	300	0	0	0	1	658.739	680.239	377.437	358.376	502.441	499.484	0.996893
0	100	0.02	0.002	50	0000	300	1	B	2	0.5	0	1	500	500	1000	0	1	300	300	0	0	1	1	659.488	680.239	358.376	308.4	415.731	666.776	2.61938e-08
0	100	0.02	0.002	50	0000	300	1	B	2	0.5	0	1	500	500	1000	0	1	300	300	0	0	1	0	650.98	650.98	358.376	360.673	491.227	495.128	0.950892
0	100	0.02	0.002	50	0000	300	1	B	2	0.5	0	1	500	500	1000	0	1	300	300	0	0	0	1	650.98	659.488	372.79	358.376	491.642	499.648	0.965615
0	100	0.02	0.002	50	0000	300	1	B	2	0.5	0	1	500	500	1000	0	1	300	300	0	0	0	1	663.74	680.239	372.79	358.376	505.782	497.169	0.97949
0	100	0.02	0.002	50	0000	300	1	B	2	0.5	0	1	500	500	1000	0	1	300	300	0	0	0	0	671.479	657.107	372.79	372.79	788.496	205.489	1.2367e-37
0	100	0.02	0.002	50	0000	300	1	B	2	0.5	0	1	500	500	1000	0	1	300	300	0	0	1	1	659.526	648.924	358.376	358.376	386.068	716.752	9.53732e-14
0	100	0.02	0.002	50	0000	300	1	B	2	0.5	0	1	500	500	1000	0	1	300	300	0	0	0	0	650.98	659.488	372.79	385.668	765.55	213.54	7.38719e-34
0	100	0.02	0.002	50	0000	300	1	B	2	0.5	0	1	500	500	1000	0	1	300	300	0	0	1	0	659.488	680.239	358.376	372.79	503.986	497.479	0.98894
0	100	0.02	0.002	50	0000	300	1	B	2	0.5	0	1	500	500	1000	0	1	300	300	0	0	0	0	635.692	680.239	366.409	372.79	781.736	205.004	7.36403e-37
0	100	0.02	0.002	50	0000	300	1	B	2	0.5	0	1	500	500	1000	0	1	300	300	0	0	1	1	671.479	659.488	358.376	358.376	392.712	716.752	1.98881e-13
0	100	0.02	0.002	50	0000	300	1	B	2	0.5	0	1	500	500	1000	0	1	300	300	0	0	0	0	676.95	680.239	372.79	363.287	818.534	197.422	1.22098e-42
0	100	0.02	0.002	50	0000	300	1	B	2	0.5	0	1	500	500	1000	0	1	300	300	0	0	1	0	663.74	659.488	358.376	372.79	497.022	498.695	0.994727
0	100	0.02	0.002	50	0000	300	1	B	2	0.5	0	1	500	500	1000	0	1	300	300	0	0	1	1	650.98	682.762	360.57	358.376	392.683	718.946	1.22931e-13
0	100	0.02	0.002	50	0000	300	1	B	2	0.5	0	1	500	500	1000	0	1	300	300	0	0	0	0	648.924	663.74	372.79	372.79	775.128	208.044	1.13176e-35
0	100	0.02	0.002	50	0000	300	1	B	2	0.5	0	1	500	500	1000	0	1	300	300	0	0	0	0	650.98	625.177	372.79	385.668	737.097	219.398	4.96045e-30
0	100	0.02	0.002	50	0000	300	1	B	2	0.5	0	1	500	500	1000	0	1	300	300	0	0	0	0	659.488	659.488	372.79	385.668	772.646	212.127	7.29513e-35
0	100	0.02	0.002	50	0000	300	1	B	2	0.5	0	1	500	500	1000	0	1	300	300	0	0	1	1	657.107	665.173	358.376	358.376	390.148	716.752	1.50565e-13
0	100	0.02	0.002	50	0000	300	1	B	2	0.5	0	1	500	500	1000	0	1	300	300	0	0	1	0	659.488	659.526	358.376	366.409	496.923	496.31	0.988523
0	100	0.02	0.002	50	0000	300	1	B	2	0.5	0	1	500	500	1000	0	1	300	300	0	0	1	0	650.98	650.98	360.57	385.668	483.226	508.293	0.839394
0	100	0.02	0.002	50	0000	300	1	B	2	0.5	0	1	500	500	1000	0	1	300	300	0	0	1	1	659.488	682.762	358.376	360.57	395.188	718.946	1.60344e-13
0	100	0.02	0.002	50	0000	300	1	B	2	0.5	0	1	500	500	1000	0	1	300	300	0	0	1	0	680.239	663.74	358.376	372.79	505.782	497.169	0.97949
0	100	0.02	0.002	50	0000	300	1	B	2	0.5	0	1	500	500	1000	0	1	300	300	0	0	1	0	648.924	675.701	360.57	385.668	492.716	506.525	0.953311
0	100	0.02	0.002	50	0000	300	1	B	2	0.5	0	1	500	500	1000	0	1	300	300	0	0	0	0	659.488	650.98	372.79	372.79	773.289	208.401	2.0791e-35
0	100	0.02	0.002	50	0000	300	1	B	2	0.5	0	1	500	500	1000	0	1	300	300	0	0	1	1	641.261	659.526	358.376	358.376	383.807	716.752	7.35275e-14
0	100	0.02	0.002	50	0000	300	1	B	2	0.5	0	1	500	500	1000	0	1	300	300	0	0	1	1	659.488	659.488	358.376	358.376	389.174	716.752	1.35214e-13
0	100	0.02	0.002	50	0000	300	1	B	2	0.5	0	1	500	500	1000	0	1	300	300	0	0	0	1	659.488	682.762	372.79	366.757	499.164	506.699	0.977468
0	100	0.02	0.002	50	0000	300	1	B	2	0.5	0	1	500	500	1000	0	1	300	300	0	0	0	0	682.762	692.251	385.668	372.79	819.758	203.202	4.67257e-42
0	100	0.02	0.002	50	0000	300	1	B	2	0.5	0	1	500	500	1000	0	1	300	300	0	0	1	1	658.853	659.488	358.376	358.376	388.986	716.752	1.32432e-13
0	100	0.02	0.002	50	0000	300	1	B	2	0.5	0	1	500	500	1000	0	1	300	300	0	0	1	1	671.048	659.488	358.376	358.376	392.585	716.752	1.96184e-13
0	100	0.02	0.002	50	0000	300	1	B	2	0.5	0	1	500	500	1000	0	1	300	300	0	0	1	0	680.239	623.312	360.57	372.79	487.227	502.635	0.918471
0	100	0.02	0.002	50	0000	300	1	B	2	0.5	0	1	500	500	1000	0	1	300	300	0	0	1	0	650.98	686.789	358.376	366.409	504.849	494.951	0.975796
0	100	0.02	0.002	50	0000	300	1	B	2	0.5	0	1	500	500	1000	0	1	300	300	0	0	0	0	675.603	718.737	363.287	372.79	850.243	191.979	5.75846e-48
0	100	0.02	0.002	50	0000	300	1	B	2	0.5	0	1	500	500	1000	0	1	300	300	0	0	0	1	659.488	659.488	366.409	358.376	496.907	496.313	0.988484
0	100	0.02	0.002	50	0000	300	1	B	2	0.5	0	1	500	500	1000	0	1	300	300	0	0	0	0	663.74	663.74	355.678	372.79	798.04	199.028	1.09951e-39
0	100	0.02	0.002	50	0000	300	1	B	2	0.5	0	1	500	500	1000	0	1	300	300	0	0	0	0	676.314	650.98	385.668	318.459	812.964	189.798	6.85671e-43
0	100	0.02	0.002	50	0000	300	1	B	2	0.5	0	1	500	500	1000	0	1	300	300	0	0	1	0	690.345	680.239	358.376	372.79	517.034	495.258	0.85528
0	100	0.02	0.002	50	0000	300	1	B	2	0.5	0	1	500	500	1000	0	1	300	300	0	0	0	1	671.479	658.898	385.668	358.376	496.651	503.61	0.987949
0	100	0.02	0.002	50	0000	300	1	B	2	0.5	0	1	500	500	1000	0	1	300	300	0	0	0	1	680.239	659.526	369.174	358.376	504.96	495.963	0.979756
0	100	0.02	0.002	50	0000	300	1	B	2	0.5	0	1	500	500	1000	0	1	300	300	0	0	1	0	682.762	657.107	358.376	372.79	504.046	497.469	0.988676
0	100	0.02	0.002	50	0000	300	1	B	2	0.5	0	1	500	500	1000	0	1	300	300	0	0	0	0	650.98	659.526	366.409	385.668	769.409	210.979	1.25974e-34
0	100	0.02	0.002	50	0000	300	1	B	2	0.5	0	1	500	500	1000	0	1	300	300	0	0	0	0	663.74	682.762	385.668	372.79	795.707	207.663	2.84752e-38
0	100	0.02	0.002	50	0000	300	1	B	2	0.5	0	1	500	500	1000	0	1	300	300	0	0	0	1	659.488	713.709	372.79	358.376	518.14	495.073	0.838049
0	100	0.02	0.002	50	0000	300	1	B	2	0.5	0	1	500	500	1000	0	1	300	300	0	0	1	0	648.924	650.98	358.376	372.79	487.192	500.447	0.921157
0	100	0.02	0.002	50	0000	300	1	B	2	0.5	0	1	500	500	1000	0	1	300	300	0	0	0	0	678.8	680.239	372.79	363.287	820.107	197.145	6.79541e-43
0	100	0.02	0.002	50	0000	300	1	B	2	0.5	0	1	500	500	1000	0	1	300	300	0	0	0	1	663.74	650.98	337.981	358.376	502.631	484.703	0.886515
0	100	0.02	0.002	50	0000	300	1	B	2	0.5	0	1	500	500	1000	0	1	300	300	0	0	1	1	659.526	733.835	358.376	361.788	409.746	720.164	5.07651e-13
0	100	0.02	0.002	50	0000	300	1	B	2	0.5	0	1	500	500	1000	0	1	300	300	0	0	1	0	659.488	625.177	360.57	369.569	480.137	502.687	0.818005
0	100	0.02	0.002	50	0000	300	1	B	2	0.5	0	1	500	500	1000	0	1	300	300	0	0	1	0	659.526	696.249	360.57	262.912	539.021	454.577	0.16647
0	100	0.02	0.002	50	0000	300	1	B	2	0.5	0	1	500	500	1000	0	1	300	300	0	0	0	0	650.98	663.74	357.647	385.668	778.222	206.817	3.35723e-36
0	100	0.02	0.002	50	0000	300	1	B	2	0.5	0	1	500	500	1000	0	1	300	300	0	0	1	0	668.78	680.298	358.376	372.79	507.936	496.799	0.964046
0	100	0.02	0.002	50	0000	300	1	B	2	0.5	0	1	500	500	1000	0	1	300	300	0	0	1	1	668.78	637.092	358.376	358.376	385.307	716.752	8.74291e-14
0	100	0.02	0.002	50	0000	300	1	B	2	0.5	0	1	500	500	1000	0	1	300	300	0	0	1	1	663.74	654.632	358.376	358.376	388.995	716.752	1.32565e-13
0	100	0.02	0.002	50	0000	300	1	B	2	0.5	0	1	500	500	1000	0	1	300	300	0	0	0	0	671.479	692.206	385.668	355.678	820.777	198.437	8.10384e-43
0	100	0.02	0.002	50	0000	300	1	B	2	0.5	0	1	500	500	1000	0	1	300	300	0	0	0	0	686.789	659.488	372.79	372.79	803.409	202.712	6.58508e-40
0	100	0.02	0.002	50	0000	300	1	B	2	0.5	0	1	500	500	1000	0	1	300	300	0	0	0	0	659.488	650.98	372.79	377.437	770.489	210.248	7.61514e-35
0	100	0.02	0.002	50	0000	300	1	B	2	0.5	0	1	500	500	1000	0	1	300	300	0	0	0	0	650.98	793.144	385.668	408.114	856.289	205.947	4.55815e-47
0	100	0.02	0.002	50	0000	300	1	B	2	0.5	0	1	500	500	1000	0	1	300	300	0	0	1	0	649.582	671.226	358.376	372.79	496.001	498.875	0.991406
0	100	0.02	0.002	50	0000	300	1	B	2	0.5	0	1	500	500	1000	0	1	300	300	0	0	0	0	663.74	686.789	385.668	383.587	792.509	211.235	2.05946e-37
0	100	0.02	0.002	50	0000	300	1	B	2	0.5	0	1	500	500	1000	0	1	300	300	0	0	0	1	692.251	650.98	372.79	358.376	505.466	497.224	0.981383
0	100	0.02	0.002	50	0000	300	1	B	2	0.5	0	1	500	500	1000	0	1	300	300	0	0	0	1	676.95	657.107	369.569	360.57	500.895	499.004	0.999103
0	100	0.02	0.002	50	0000	300	1	B	2	0.5	0	1	500	500	1000	0	1	300	300	0	0	0	1	650.98	659.488	372.79	361.552	489.459	503.215	0.941082
0	100	0.02	0.002	50	0000	300	1	B	2	0.5	0	1	500	500	1000	0	1	300	300	0	0	0	0	650.98	682.762	372.79	372.79	792.835	204.673	2.75385e-38
0	100	0.02	0.002	50	0000	300	1	B	2	0.5	0	1	500	500	1000	0	1	300	300	0	0	0	1	648.924	659.488	372.79	358.376	490.775	499.803	0.958327
0	100	0.02	0.002	50	0000	300	1	B	2	0.5	0	1	500	500	1000	0	1	300	300	0	0	0	0	659.488	650.739	407.005	355.678	762.824	215.28	2.49494e-33
0	100	0.02	0.002	50	0000	300	1	B	2	0.5	0	1	500	500	1000	0	1	300	300	0	0	1	0	692.251	678.8	360.57	372.79	515.635	497.687	0.88258
0	100	0.02	0.002	50	0000	300	1	B	2	0.5	0	1	500	500	1000	0	1	300	300	0	0	1	0	665.173	650.98	361.788	372.79	491.681	503.053	0.961494
0	100	0.02	0.002	50	0000	300	1	B	2	0.5	0	1	500	500	1000	0	1	300	300	0	0	1	0	650.98	682.762	358.376	372.79	501.459	497.918	0.996774
0	100	0.02	0.002	50	0000	300	1	B	2	0.5	0	1	500	500	1000	0	1	300	300	0	0	1	1	659.526	642.472	358.376	358.376	384.164	716.752	7.66381e-14
0	100	0.02	0.002	50	0000	300	1	B	2	0.5	0	1	500	500	1000	0	1	300	300	0	0	0	0	658.853	659.488	372.79	366.398	783.77	204.616	3.69535e-37
0	100	0.02	0.002	50	0000	300	1	B	2	0.5	0	1	500	500	1000	0	1	300	300	0	0	1	1	650.98	663.74	360.57	358.376	387.082	718.946	6.63476e-14
0	100	0.02	0.002	50	0000	300	1	B	2	0.5	0	1	500	500	1000	0	1	300	300	0	0	0	1	659.488	663.74	372.79	360.57	495.493	501.158	0.989232
0	100	0.02	0.002	50	0000	300	1	B	2	0.5	0	1	500	500	1000	0	1	300	300	0	0	1	1	682.762	659.526	358.376	358.376	396.052	716.752	2.83014e-13
0	100	0.02	0.002	50	0000	300	1	B	2	0.5	0	1	500	500	1000	0	1	300	300	0	0	1	1	676.094	650.98	358.376	360.57	390.72	718.946	9.93842e-14
0	100	0.02	0.002	50	0000	300	1	B	2	0.5	0	1	500	500	1000	0	1	300	300	0	0	1	0	658.853	667.914	358.376	418.326	486.642	517.912	0.779076
0	100	0.02	0.002	50	0000	300	1	B	2	0.5	0	1	500	500	1000	0	1	300	300	0	0	1	1	668.345	650.739	360.57	358.376	388.367	718.946	7.66425e-14
0	100	0.02	0.002	50	0000	300	1	B	2	0.5	0	1	500	500	1000	0	1	300	300	0	0	1	1	659.488	692.251	358.376	358.376	398.841	716.752	3.76712e-13
0	100	0.02	0.002	50	0000	300	1	B	2	0.5	0	1	500	500	1000	0	1	300	300	0	0	0	0	671.048	680.239	355.678	372.79	818.25	195.431	7.30367e-43
0	100	0.02	0.002	50	0000	300	1	B	2	0.5	0	1	500	500	1000	0	1	300	300	0	0	1	1	643.985	650.739	358.376	360.57	381.195	718.946	3.35413e-14
0	100	0.02	0.002	50	0000	300	1	B	2	0.5	0	1	500	500	1000	0	1	300	300	0	0	1	1	659.488	659.488	358.376	366.635	386.038	725.011	1.53364e-14
0	100	0.02	0.002	50	0000	300	1	B	2	0.5	0	1	500	500	1000	0	1	300	300	0	0	0	1	675.386	665.173	372.79	311.501	540.094	444.625	0.096621
0	100	0.02	0.002	50	0000	300	1	B	2	0.5	0	1	500	500	1000	0	1	300	300	0	0	1	0	715.661	669.408	358.376	369.174	524.144	492.76	0.727833
0	100	0.02	0.002	50	0000	300	1	B	2	0.5	0	1	500	500	1000	0	1	300	300	0	0	1	1	682.762	650.739	360.57	361.788	391.302	722.358	4.9875e-14
0	100	0.02	0.002	50	0000	300	1	B	2	0.5	0	1	500	500	1000	0	1	300	300	0	0	0	0	663.74	663.74	372.79	341.189	806.992	193.492	1.3637e-41
0	100	0.02	0.002	50	0000	300	1	B	2	0.5	0	1	500	500	1000	0	1	300	300	0	0	1	0	658.853	648.924	358.376	369.174	491.454	498.311	0.962767
0	100	0.02	0.002	50	0000	300	1	B	2	0.5	0	1	500	500	1000	0	1	300	300	0	0	0	1	634.778	659.488	341.189	358.376	493.094	487.436	0.902333
0	100	0.02	0.002	50	0000	300	1	B	2	0.5	0	1	500	500	1000	0	1	300	300	0	0	1	1	658.898	650.98	358.376	358.376	386.489	716.752	1.00054e-13
0	100	0.02	0.002	50	0000	300	1	B	2	0.5	0	1	500	500	1000	0	1	300	300	0	0	1	0	650.98	650.739	358.376	372.79	487.956	500.309	0.929996
0	100	0.02	0.002	50	0000	300	1	B	2	0.5	0	1	500	500	1000	0	1	300	300	0	0	1	0	663.74	667.764	358.376	377.437	499.289	500.041	0.999746
0	100	0.02	0.002	50	0000	300	1	B	2	0.5	0	1	500	500	1000	0	1	300	300	0	0	1	1	597.68	653.626	358.376	360.57	368.412	718.946	6.76923e-15
0	100	0.02	0.002	50	0000	300	1	B	2	0.5	0	1	500	500	1000	0	1	300	300	0	0	1	0	650.98	668.345	366.635	372.79	489.694	508.255	0.916505
0	100	0.02	0.002	50	0000	300	1	B	2	0.5	0	1	500	500	1000	0	1	300	300	0	0	1	1	659.488	680.239	358.376	358.376	395.296	716.752	2.61561e-13
0	100	0.02	0.002	50	0000	300	1	B	2	0.5	0	1	500	500	1000	0	1	300	300	0	0	1	1	657.107	692.787	360.57	358.376	397.438	718.946	2.02481e-13
0	100	0.02	0.002	50	0000	300	1	B	2	0.5	0	1	500	500	1000	0	1	300	300	0	0	1	1	650.98	650.98	358.376	358.376	384.153	716.752	7.65392e-14
0	100	0.02	0.002	50	0000	300	1	B	2	0.5	0	1	500	500	1000	0	1	300	300	0	0	1	1	659.488	650.98	358.376	358.376	386.663	716.752	1.02052e-13
0	100	0.02	0.002	50	0000	300	1	B	2	0.5	0	1	500	500	1000	0	1	300	300	0	0	0	0	650.98	656.648	372.79	372.79	770.911	208.863	4.54403e-35
0	100	0.02	0.002	50	0000	300	1	B	2	0.5	0	1	500	500	1000	0	1	300	300	0	0	0	0	663.74	649.582	390.821	372.79	764.844	215.133	1.40437e-33
0	100	0.02	0.002	50	0000	300	1	B	2	0.5	0	1	500	500	1000	0	1	300	300	0	0	0	0	650.98	659.488	372.79	404.758	754.193	221.273	1.25694e-31
0	100	0.02	0.002	50	0000	300	1	B	2	0.5	0	1	500	500	1000	0	1	300	300	0	0	1	0	659.488	637.092	360.57	372.79	484.302	503.164	0.879659
0	100	0.02	0.002	50	0000	300	1	B	2	0.5	0	1	500	500	1000	0	1	300	300	0	0	0	0	650.739	672.434	372.79	372.79	783.945	206.352	5.86324e-37
0	100	0.02	0.002	50	0000	300	1	B	2	0.5	0	1	500	500	1000	0	1	300	300	0	0	1	0	683.48	635.692	358.376	372.79	495.311	498.996	0.988569
0	100	0.02	0.002	50	0000	300	1	B	2	0.5	0	1	500	500	1000	0	1	300	300	0	0	0	0	659.488	676.094	429.267	372.79	760.43	226.905	1.19447e-31
0	100	0.02	0.002	50	0000	300	1	B	2	0.5	0	1	500	500	1000	0	1	300	300	0	0	0	0	650.98	671.479	363.287	338.611	810.226	189.663	1.54379e-42
0	100	0.02	0.002	50	0000	300	1	B	2	0.5	0	1	500	500	1000	0	1	300	300	0	0	1	0	659.488	668.345	358.376	372.79	498.965	498.353	0.99811
0	100	0.02	0.002	50	0000	300	1	B	2	0.5	0	1	500	500	1000	0	1	300	300	0	0	1	0	659.488	709.882	358.376	372.79	516.52	495.344	0.863034
0	100	0.02	0.002	50	0000	300	1	B	2	0.5	0	1	500	500	1000	0	1	300	300	0	0	1	0	623.312	680.298	357.459	392.561	484.236	507.629	0.857827
0	100	0.02	0.002	50	0000	300	1	B	2	0.5	0	1	500	500	1000	0	1	300	300	0	0	0	0	686.789	663.74	372.79	372.79	807.002	202.054	1.80796e-40
0	100	0.02	0.002	50	0000	300	1	B	2	0.5	0	1	500	500	1000	0	1	300	300	0	0	1	1	649.582	650.98	358.376	358.376	383.74	716.752	7.29606e-14
0	100	0.02	0.002	50	0000	300	1	B	2	0.5	0	1	500	500	1000	0	1	300	300	0	0	0	1	656.648	642.472	372.79	360.57	485.367	502.971	0.894516
0	100	0.02	0.002	50	0000	300	1	B	2	0.5	0	1	500	500	1000	0	1	300	300	0	0	0	0	682.762	656.648	336.942	369.174	822.082	188.787	2.76943e-44
0	100	0.02	0.002	50	0000	300	1	B	2	0.5	0	1	500	500	1000	0	1	300	300	0	0	0	1	680.298	650.98	372.79	358.376	500.418	498.099	0.998108
0	100	0.02	0.002	50	0000	300	1	B	2	0.5	0	1	500	500	1000	0	1	300	300	0	0	1	1	675.701	693.993	360.57	415.201	381.967	775.771	2.88924e-20
0	100	0.02	0.002	50	0000	300	1	B	2	0.5	0	1	500	500	1000	0	1	300	300	0	0	0	1	680.298	682.762	385.668	360.57	508.849	503.613	0.955345
0	100	0.02	0.002	50	0000	300	1	B	2	0.5	0	1	500	500	1000	0	1	300	300	0	0	0	0	682.762	674.67	404.758	372.79	793.252	213.368	3.05956e-37
0	100	0.02	0.002	50	0000	300	1	B	2	0.5	0	1	500	500	1000	0	1	300	300	0	0	0	0	656.648	659.488	385.668	372.79	770.275	212.597	1.58942e-34
0	100	0.02	0.002	50	0000	300	1	B	2	0.5	0	1	500	500	1000	0	1	300	300	0	0	0	0	648.924	667.854	372.79	383.587	772.061	211.661	7.47977e-35
0	100	0.02	0.002	50	0000	300	1	B	2	0.5	0	1	500	500	1000	0	1	300	300	0	0	0	0	693.404	656.648	385.668	407.487	777.69	220.793	2.12536e-34
0	100	0.02	0.002	50	0000	300	1	B	2	0.5	0	1	500	500	1000	0	1	300	300	0	0	1	0	650.98	676.094	358.376	372.79	498.644	498.41	0.997818
0	100	0.02	0.002	50	0000	300	1	B	2	0.5	0	1	500	500	1000	0	1	300	300	0	0	1	1	650.98	656.648	358.376	358.376	385.825	716.752	9.27711e-14
0	100	0.02	0.002	50	0000	300	1	B	2	0.5	0	1	500	500	1000	0	1	300	300	0	0	0	1	637.092	686.619	372.79	360.57	495.696	501.123	0.990156
0	100	0.02	0.002	50	0000	300	1	B	2	0.5	0	1	500	500	1000	0	1	300	300	0	0	0	0	654.632	693.101	363.287	372.79	810.506	198.849	2.34671e-41
0	100	0.02	0.002	50	0000	300	1	B	2	0.5	0	1	500	500	1000	0	1	300	300	0	0	1	1	678.8	686.789	360.57	366.757	398.779	727.327	3.57728e-14
0	100	0.02	0.002	50	0000	300	1	B	2	0.5	0	1	500	500	1000	0	1	300	300	0	0	0	1	667.914	682.762	372.79	358.376	508.612	496.683	0.95831
1	100	0.02	0.002	50	0000	300	1	B	2	0.5	0	1	500	500	1000	0	1	300	300	0	0	0	0	641.936	663.632	647.453	659.677	492.963	494.524	0.961023
1	100	0.02	0.002	50	0000	300	1	B	2	0.5	0	1	500	500	1000	0	1	300	300	0	0	0	0	689.391	658.829	660.966	663.569	512.652	488.968	0.868583
1	100	0.02	0.002	50	0000	300	1	B	2	0.5	0	1	500	500	1000	0	1	300	300	0	0	0	0	660.996	641.936	655.617	663.569	486.764	503.017	0.911972
1	100	0.02	0.002	50	0000	300	1	B	2	0.5	0	1	500	500	1000	0	1	300	300	0	0	0	0	694.591	665.928	663.539	663.569	519.333	485.923	0.751286
1	100	0.02	0.002	50	0000	300	1	B	2	0.5	0	1	500	500	1000	0	1	300	300	0	0	0	0	666.954	670.463	659.587	648.002	512.582	482.753	0.796218
1	100	0.02	0.002	50	0000	300	1	B	2	0.5	0	1	500	500	1000	0	1	300	300	0	0	0	0	641.936	655.2	663.539	663.539	480.286	510.228	0.781428
1	100	0.02	0.002	50	0000	300	1	B	2	0.5	0	1	500	500	1000	0	1	300	300	0	0	0	0	646.93	666.954	663.539	663.539	490.464	503.658	0.949174
1	100	0.02	0.002	50	0000	300	1	B	2	0.5	0	1	500	500	1000	0	1	300	300	0	0	0	0	664.541	658.116	659.587	659.677	498.837	495.444	0.989007
1	100	0.02	0.002	50	0000	300	1	B	2	0.5	0	1	500	500	1000	0	1	300	300	0	0	0	0	658.116	641.936	663.569	640.436	490.762	494.715	0.944935
1	100	0.02	0.002	50	0000	300	1	B	2	0.5	0	1	500	500	1000	0	1	300	300	0	0	0	0	641.936	646.823	665.785	665.785	473.581	516.392	0.616722
1	100	0.02	0.002	50	0000	300	1	B	2	0.5	0	1	500	500	1000	0	1	300	300	0	0	0	0	651.172	694.56	652.454	663.539	514.469	484.731	0.801515
1	100	0.02	0.002	50	0000	300	1	B	2	0.5	0	1	500	500	1000	0	1	300	300	0	0	0	0	641.936	657.923	663.539	659.587	483.411	506.679	0.852234
1	100	0.02	0.002	50	0000	300	1	B	2	0.5	0	1	500	500	1000	0	1	300	300	0	0	0	2	641.936	658.931	647.147	631.145	248.408	1271.04	1.44192e-143
1	100	0.02	0.002	50	0000	300	1	B	2	0.5	0	1	500	500	1000	0	1	300	300	0	0	0	0	622.825	658.116	643.343	645.057	484.953	492.412	0.86762
1	100	0.02	0.002	50	0000	300	1	B	2	0.5	0	1	500	500	1000	0	1	300	300	0	0	0	0	641.936	654.183	652.454	654.587	487.193	498.115	0.919622
1	100	0.02	0.002	50	0000	300	1	B	2	0.5	0	1	500	500	1000	0	1	300	300	0	0	0	0	658.116	641.936	659.587	662.429	483.945	505.909	0.863869
1	100	0.02	0.002	50	0000	300	1	B	2	0.5	0	1	500	500	1000	0	1	300	300	0	0	0	0	581.203	664.175	663.539	663.569	449.48	531.212	0.171494
1	100	0.02	0.002	50	0000	300	1	B	2	0.5	0	1	500	500	1000	0	1	300	300	0	0	0	0	696.51	660.996	663.539	659.587	519.026	484.646	0.741659
1	100	0.02	0.002	50	0000	300	1	B	2	0.5	0	1	500	500	1000	0	1	300	300	0	0	0	0	641.936	664.541	643.343	643.343	501.435	481.644	0.84408
1	100	0.02	0.002	50	0000	300	1	B	2	0.5	0	1	500	500	1000	0	1	300	300	0	0	0	0	653.66	641.345	659.587	663.539	480.468	508.589	0.796416
1	100	0.02	0.002	50	0000	300	1	B	2	0.5	0	1	500	500	1000	0	1	300	300	0	0	0	0	658.116	641.936	663.539	643.343	489.665	496.495	0.942188
1	100	0.02	0.002	50	0000	300	1	B	2	0.5	0	1	500	500	1000	0	1	300	300	0	0	0	0	641.936	655.609	640.39	655.617	492.278	490.739	0.929885
1	100	0.02	0.002	50	0000	300	1	B	2	0.5	0	1	500	500	1000	0	1	300	300	0	0	0	0	665.928	657.923	663.539	660.966	497.557	498.211	0.995425
1	100	0.02	0.002	50	0000	300	1	B	2	0.5	0	1	500	500	1000	0	1	300	300	0	0	0	0	655.2	665.928	655.617	663.569	497.924	495.982	0.989824
1	100	0.02	0.002	50	0000	300	1	B	2	0.5	0	1	500	500	1000	0	1	300	300	0	0	0	0	646.823	658.116	660.966	644.443	493.234	493.704	0.958189
1	100	0.02	0.002	50	0000	300	1	B	2	0.5	0	1	500	500	1000	0	1	300	300	0	0	0	0	664.541	669.193	663.569	649.022	508.306	487.164	0.889689
1	100	0.02	0.002	50	0000	300	1	B	2	0.5	0	1	500	500	1000	0	1	300	300	0	0	0	0	651.172	657.923	636.956	663.539	497.695	489.095	0.939774
1	100	0.02	0.002	50	0000	300	1	B	2	0.5	0	1	500	500	1000	0	1	300	300	0	0	0	0	658.116	664.541	663.539	644.736	503.094	488.713	0.93381
1	100	0.02	0.002	50	0000	300	1	B	2	0.5	0	1	500	500	1000	0	1	300	300	0	0	0	0	604.801	663.632	643.343	636.053	480.682	491.645	0.801325
1	100	0.02	0.002	50	0000	300	1	B	2	0.5	0	1	500	500	1000	0	1	300	300	0	0	0	0	657.923	664.175	659.677	663.539	496.972	498.091	0.993615
1	100	0.02	0.002	50	0000	300	1	B	2	0.5	0	1	500	500	1000	0	1	300	300	0	0	0	0	641.936	657.923	645.057	663.539	488.894	497.632	0.937561
1	100	0.02	0.002	50	0000	300	1	B	2	0.5	0	1	500	500	1000	0	1	300	300	0	0	0	0	664.541	641.936	663.539	663.569	485.938	506.57	0.886522
1	100	0.02	0.002	50	0000	300	1	B	2	0.5	0	1	500	500	1000	0	1	300	300	0	0	0	0	657.923	666.954	640.96	605.835	529.177	451.096	0.197608
1	100	0.02	0.002	50	0000	300	1	B	2	0.5	0	1	500	500	1000	0	1	300	300	0	0	0	0	641.936	641.936	663.539	663.569	472.288	515.524	0.603823
1	100	0.02	0.002	50	0000	300	1	B	2	0.5	0	1	500	500	1000	0	1	300	300	0	0	0	0	664.175	664.541	663.539	674.968	495.187	504.979	0.976307
1	100	0.02	0.002	50	0000	300	1	B	2	0.5	0	1	500	500	1000	0	1	300	300	0	0	0	0	655.2	633.066	663.539	643.386	482.439	501.097	0.856583
1	100	0.02	0.002	50	0000	300	1	B	2	0.5	0	1	500	500	1000	0	1	300	300	0	0	0	0	633.212	657.923	665.785	641.942	483.886	500.479	0.878141
1	100	0.02	0.002	50	0000	300	1	B	2	0.5	0	1	500	500	1000	0	1	300	300	0	0	0	0	657.923	658.116	640.256	659.587	502.262	486.067	0.905174
1	100	0.02	0.002	50	0000	300	1	B	2	0.5	0	1	500	500	1000	0	1	300	300	0	0	0	0	658.143	658.116	618.613	643.343	517.44	463.137	0.435392
1	100	0.02	0.002	50	0000	300	1	B	2	0.5	0	1	500	500	1000	0	1	300	300	0	0	0	0	658.116	660.996	645.057	622.817	516.871	465.633	0.480536
1	100	0.02	0.002	50	0000	300	1	B	2	0.5	0	1	500	500	1000	0	1	300	300	0	0	0	0	657.923	665.059	663.569	663.539	496.024	500.151	0.992116
1	100	0.02	0.002	50	0000	300	1	B	2	0.5	0	1	500	500	1000	0	1	300	300	0	0	0	0	641.936	646.93	652.454	658.065	481.455	503.108	0.837953
1	100	0.02	0.002	50	0000	300	1	B	2	0.5	0	1	500	500	1000	0	1	300	300	0	0	0	0	664.541	663.632	659.587	636.053	511.508	478.975	0.75033
1	100	0.02	0.002	50	0000	300	1	B	2	0.5	0	1	500	500	1000	0	1	300	300	0	0	0	0	664.541	664.175	663.539	679.025	493.644	507.494	0.952872
1	100	0.02	0.002	50	0000	300	1	B	2	0.5	0	1	500	500	1000	0	1	300	300	0	0	0	0	641.936	660.996	632.792	643.343	503.352	476.554	0.755421
1	100	0.02	0.002	50	0000	300	1	B	2	0.5	0	1	500	500	1000	0	1	300	300	0	0	0	0	662.519	657.923	645.057	632.792	513.711	471.119	0.599863
1	100	0.02	0.002	50	0000	300	1	B	2	0.5	0	1	500	500	1000	0	1	300	300	0	0	0	0	641.936	657.923	665.718	643.343	488.718	497.92	0.936311
1	100	0.02	0.002	50	0000	300	1	B	2	0.5	0	1	500	500	1000	0	1	300	300	0	0	0	0	641.936	702.469	663.539	665.718	508.425	493.277	0.943565
1	100	0.02	0.002	50	0000	300	1	B	2	0.5	0	1	500	500	1000	0	1	300	300	0	0	0	0	657.736	657.923	654.582	665.718	494.13	498.772	0.982181
1	100	0.02	0.002	50	0000	300	1	B	2	0.5	0	1	500	500	1000	0	1	300	300	0	0	0	0	611.196	641.936	663.539	643.343	461.266	515.017	0.421935
1	100	0.02	0.002	50	0000	300	1	B	2	0.5	0	1	500	500	1000	0	1	300	300	0	0	0	0	641.936	654.344	659.587	665.718	480.429	509.453	0.789624
1	100	0.02	0.002	50	0000	300	1	B	2	0.5	0	1	500	500	1000	0	1	300	300	0	0	0	0	641.936	662.519	672.556	643.343	488.938	500.381	0.940578
1	100	0.02	0.002	50	0000	300	1	B	2	0.5	0	1	500	500	1000	0	1	300	300	0	0	0	0	641.936	641.936	663.569	640.39	480.875	500.961	0.832475
1	100	0.02	0.002	50	0000	300	1	B	2	0.5	0	1	500	500	1000	0	1	300	300	0	0	0	0	664.541	646.823	664.663	660.966	489.474	503.739	0.939516
1	100	0.02	0.002	50	0000	300	1	B	2	0.5	0	1	500	500	1000	0	1	300	300	0	0	0	0	654.183	660.996	655.617	643.343	502.071	485.852	0.902822
1	100	0.02	0.002	50	0000	300	1	B	2	0.5	0	1	500	500	1000	0	1	300	300	0	0	0	0	656.36	664.175	663.539	663.569	494.522	501.097	0.984517
1	100	0.02	0.002	50	0000	300	1	B	2	0.5	0	1	500	500	1000	0	1	300	300	0	0	0	0	641.936	664.541	643.343	640.436	502.572	479.874	0.813966
1	100	0.02	0.002	50	0000	300	1	B	2	0.5	0	1	500	500	1000	0	1	300	300	0	0	0	0	645.112	641.936	643.343	666.635	480.552	503.481	0.822698
1	100	0.02	0.002	50	0000	300	1	B	2	0.5	0	1	500	500	1000	0	1	300	300	0	0	0	0	658.143	641.936	663.539	663.569	482.055	509.085	0.816873
1	100	0.02	0.002	50	0000	300	1	B	2	0.5	0	1	500	500	1000	0	1	300	300	0	0	0	0	605.375	658.143	667.425	663.569	458.769	526.245	0.302884
1	100	0.02	0.002	50	0000	300	1	B	2	0.5	0	1	500	500	1000	0	1	300	300	0	0	0	0	641.936	660.996	663.569	643.343	491.424	495.403	0.95376
1	100	0.02	0.002	50	0000	300	1	B	2	0.5	0	1	500	500	1000	0	1	300	300	0	0	0	0	641.936	658.116	666.635	622.817	496.357	485.756	0.897558
1	100	0.02	0.002	50	0000	300	1	B	2	0.5	0	1	500	500	1000	0	1	300	300	0	0	0	0	664.541	632.945	663.569	663.569	480.475	510.127	0.785139
1	100	0.02	0.002	50	0000	300	1	B	2	0.5	0	1	500	500	1000	0	1	300	300	0	0	0	0	658.116	664.215	663.539	648.168	501.558	490.934	0.958577
1	100	0.02	0.002	50	0000	300	1	B	2	0.5	0	1	500	500	1000	0	1	300	300	0	0	0	0	665.928	655.2	639.932	650.642	509.085	478.531	0.762057
1	100	0.02	0.002	50	0000	300	1	B	2	0.5	0	1	500	500	1000	0	1	300	300	0	0	0	0	657.923	641.345	645.057	606.178	510.925	462.892	0.473234
1	100	0.02	0.002	50	0000	300	1	B	2	0.5	0	1	500	500	1000	0	1	300	300	0	0	0	0	658.616	657.923	659.587	655.617	496.625	495.291	0.983357
1	100	0.02	0.002	50	0000	300	1	B	2	0.5	0	1	500	500	1000	0	1	300	300	0	0	0	0	646.533	657.923	659.587	663.539	486.206	504.878	0.898501
1	100	0.02	0.002	50	0000	300	1	B	2	0.5	0	1	500	500	1000	0	1	300	300	0	0	0	0	646.823	658.116	663.569	631.145	497.354	487.129	0.917292
1	100	0.02	0.002	50	0000	300	1	B	2	0.5	0	1	500	500	1000	0	1	300	300	0	0	0	0	660.996	660.996	643.343	663.539	503.224	488.114	0.926966
1	100	0.02	0.002	50	0000	300	1	B	2	0.5	0	1	500	500	1000	0	1	300	300	0	0	0	0	658.116	641.936	674.968	647.453	483.793	506.162	0.860435
1	100	0.02	0.002	50	0000	300	1	B	2	0.5	0	1	500	500	1000	0	1	300	300	0	0	0	0	641.936	641.936	647.453	655.617	481.208	500.405	0.838078
1	100	0.02	0.002	50	0000	300	1	B	2	0.5	0	1	500	500	1000	0	1	300	300	0	0	0	0	641.936	660.996	662.285	665.718	483.45	508.521	0.840927
1	100	0.02	0.002	50	0000	300	1	B	2	0.5	0	1	500	500	1000	0	1	300	300	0	0	0	0	654.344	658.116	665.718	634.11	500.042	487.41	0.923805
1	100	0.02	0.002	50	0000	300	1	B	2	0.5	0	1	500	500	1000	0	1	300	300	0	0	0	0	658.116	641.936	643.343	645.057	496.764	485.112	0.890426
1	100	0.02	0.002	50	0000	300	1	B	2	0.5	0	1	500	500	1000	0	1	300	300	0	0	0	0	641.936	654.183	643.343	655.617	490.268	493.109	0.931367
1	100	0.02	0.002	50	0000	300	1	B	2	0.5	0	1	500	500	1000	0	1	300	300	0	0	0	0	661.336	655.2	663.539	663.569	492.073	502.646	0.965686
1	100	0.02	0.002	50	0000	300	1	B	2	0.5	0	1	500	500	1000	0	1	300	300	0	0	0	0	664.541	657.923	659.587	665.718	496.396	499.238	0.993239
1	100	0.02	0.002	50	0000	300	1	B	2	0.5	0	1	500	500	1000	0	1	300	300	0	0	0	0	666.954	631.939	643.343	663.539	488.954	496.943	0.936427
1	100	0.02	0.002	50	0000	300	1	B	2	0.5	0	1	500	500	1000	0	1	300	300	0	0	0	0	692.058	666.954	663.539	663.569	518.388	486.484	0.770747
1	100	0.02	0.002	50	0000	300	1	B	2	0.5	0	1	500	500	1000	0	1	300	300	0	0	0	0	661.336	672.201	701.527	645.597	494.855	508.442	0.952308
1	100	0.02	0.002	50	0000	300	1	B	2	0.5	0	1	500	500	1000	0	1	300	300	0	0	0	0	641.936	664.541	671.023	663.539	483.146	511.231	0.814564
1	100	0.02	0.002	50	0000	300	1	B	2	0.5	0	1	500	500	1000	0	1	300	300	0	0	0	0	670.463	664.175	636.053	665.718	513.142	480.275	0.755105
1	100	0.02	0.002	50	0000	300	1	B	2	0.5	0	1	500	500	1000	0	1	300	300	0	0	0	0	664.541	660.996	647.147	655.617	507.045	484.272	0.861999
1	100	0.02	0.002	50	0000	300	1	B	2	0.5	0	1	500	500	1000	0	1	300	300	0	0	0	0	641.936	645.401	634.823	663.539	485.101	496.126	0.888255
1	100	0.02	0.002	50	0000	300	1	B	2	0.5	0	1	500	500	1000	0	1	300	300	0	0	0	0	655.2	641.936	663.539	739.997	452.873	559.272	0.0568644
1	100	0.02	0.002	50	0000	300	1	B	2	0.5	0	1	500	500	1000	0	1	300	300	0	0	0	0	656.36	656.36	663.539	650.215	494.828	495.864	0.97831
1	100	0.02	0.002	50	0000	300	1	B	2	0.5	0	1	500	500	1000	0	1	300	300	0	0	0	0	654.183	658.143	663.569	643.343	497.217	491.803	0.963226
1	100	0.02	0.002	50	0000	300	1	B	2	0.5	0	1	500	500	1000	0	1	300	300	0	0	0	0	658.116	657.923	663.539	663.539	491.78	502.821	0.962942
1	100	0.02	0.002	50	0000	300	1	B	2	0.5	0	1	500	500	1000	0	1	300	300	0	0	0	0	658.116	630.849	656.473	663.539	477.973	509.02	0.753304
1	100	0.02	0.002	50	0000	300	1	B	2	0.5	0	1	500	500	1000	0	1	300	300	0	0	0	0	641.936	666.954	663.539	652.454	491.619	498.722	0.964703
1	100	0.02	0.002	50	0000	300	1	B	2	0.5	0	1	500	500	1000	0	1	300	300	0	0	0	0	655.2	641.936	658.527	663.539	482.156	507.086	0.831678
1	100	0.02	0.002	50	0000	300	1	B	2	0.5	0	1	500	500	1000	0	1	300	300	0	0	0	0	657.923	646.93	634.823	659.587	497.418	486.975	0.915619
1	100	0.02	0.002	50	0000	300	1	B	2	0.5	0	1	500	500	1000	0	1	300	300	0	0	0	0	622.362	641.936	648.168	671.023	463.472	518.365	0.433542
1	100	0.02	0.002	50	0000	300	1	B	2	0.5	0	1	500	500	1000	0	1	300	300	0	0	0	0	641.936	664.541	663.539	677.125	480.875	515.062	0.743549
1	100	0.02	0.002	50	0000	300	1	B	2	0.5	0	1	500	500	1000	0	1	300	300	0	0	0	0	666.954	641.936	663.569	663.539	487.407	505.625	0.909271
1	100	0.02	0.002	50	0000	300	1	B	2	0.5	0	1	500	500	1000	0	1	300	300	0	0	0	0	658.116	641.936	671.354	663.539	479.143	513.985	0.729578
1	100	0.02	0.002	50	0000	300	1	B	2	0.5	0	1	500	500	1000	0	1	300	300	0	0	0	0	658.116	641.936	645.057	658.065	491.099	494.169	0.944959
1	100	0.02	0.002	50	0000	300	1	B	2	0.5	0	1	500	500	1000	0	1	300	300	0	0	0	0	662.519	663.632	663.539	654.582	501.438	493.409	0.977501
1	100	0.02	0.002	50	0000	300	1	B	2	0.5	0	1	500	500	1000	0	1	300	300	0	0	0	0	658.116	641.936	643.343	643.343	497.429	484.063	0.877832
1	100	0.02	0.002	50	0000	300	1	B	2	0.5	0	1	500	500	1000	0	1	300	300	0	0	0	0	657.923	652.733	643.343	655.617	499.258	487.562	0.925308
1	100	0.02	0.002	50	0000	300	1	B	2	0.5	0	1	500	500	1000	0	1	300	300	0	0	0	0	646.93	664.175	641.125	617.441	515.519	462.981	0.446813
1	100	0.02	0.002	50	0000	300	1	B	2	0.5	0	1	500	500	1000	0	1	300	300	0	0	0	0	641.936	716.829	663.539	663.539	518.245	486.558	0.773541
1	100	0.02	0.002	50	0000	300	1	B	2	0.5	0	1	500	500	1000	0	1	300	300	0	0	0	0	666.954	666.954	663.539	671.023	499.881	500.535	0.99985
1	100	0.02	0.002	50	0000	300	1	B	2	0.5	0	1	500	500	1000	0	1	300	300	0	0	0	0	658.116	658.616	663.539	640.39	501.102	488.301	0.933285
1	100	0.02	0.002	50	0000	300	1	B	2	0.5	0	1	500	500	1000	0	1	300	300	0	0	0	0	658.116	664.175	663.569	652.454	499.861	493.594	0.979684
1	100	0.02	0.002	50	0000	300	1	B	2	0.5	0	1	500	500	1000	0	1	300	300	0	0	0	0	641.936	658.143	641.942	648.002	496.183	486.047	0.900667
1	100	0.02	0.002	50	0000	300	1	B	2	0.5	0	1	500	500	1000	0	1	300	300	0	0	0	0	663.632	658.116	671.023	662.429	492.85	504.554	0.964707
1	100	0.02	0.002	50	0000	300	1	B	2	0.5	0	1	500	500	1000	0	1	300	300	0	0	0	0	646.93	658.116	655.617	643.343	495.779	489.693	0.939864
1	100	0.02	0.002	50	0000	300	1	B	2	0.5	0	1	500	500	1000	0	1	300	300	0	0	0	0	656.36	664.541	663.539	646.899	501.163	490.701	0.957039
1	100	0.02	0.002	50	0000	300	1	B	2	0.5	0	1	500	500	1000	0	1	300	300	0	0	0	0	651.172	657.923	663.539	663.569	487.531	505.545	0.911091
1	100	0.02	0.002	50	0000	300	1	B	2	0.5	0	1	500	500	1000	0	1	300	300	0	0	0	0	655.2	664.175	643.343	658.527	503.55	486.045	0.901517
1	100	0.02	0.002	50	0000	300	1	B	2	0.5	0	1	500	500	1000	0	1	300	300	0	0	0	0	657.923	641.936	643.343	653.606	493.346	490.435	0.934369
1	100	0.02	0.002	50	0000	300	1	B	2	0.5	0	1	500	500	1000	0	1	300	300	0	0	0	0	655.2	658.116	654.582	659.483	495.077	495.826	0.979384
1	100	0.02	0.002	50	0000	300	1	B	2	0.5	0	1	500	500	1000	0	1	300	300	0	0	0	0	641.936	641.936	665.718	641.942	479.489	503.276	0.805962
1	100	0.02	0.002	50	0000	300	1	B	2	0.5	0	1	500	500	1000	0	1	300	300	0	0	0	0	639.174	657.923	663.539	584.198	510.945	461.587	0.450367
1	100	0.02	0.002	50	0000	300	1	B	2	0.5	0	1	500	500	1000	0	1	300	300	0	0	0	0	641.936	654.344	659.587	677.402	476.101	516.81	0.652558
1	100	0.02	0.002	50	0000	300	1	B	2	0.5	0	1	500	500	1000	0	1	300	300	0	0	0	0	657.893	655.2	663.539	658.065	492.059	500.57	0.968808
1	100	0.02	0.002	50	0000	300	1	B	2	0.5	0	1	500	500	1000	0	1	300	300	0	0	0	0	641.936	641.936	696.369	665.718	459.679	537.893	0.216356
1	100	0.02	0.002	50	0000	300	1	B	2	0.5	0	1	500	500	1000	0	1	300	300	0	0	0	0	641.936	641.936	640.436	655.617	483.852	496.032	0.870884
1	100	0.02	0.002	50	0000	300	1	B	2	0.5	0	1	500	500	1000	0	1	300	300	0	0	0	0	657.923	641.345	663.569	663.539	481.564	509.405	0.807216
1	100	0.02	0.002	50	0000	300	1	B	2	0.5	0	1	500	500	1000	0	1	300	300	0	0	0	0	664.541	658.116	663.569	665.718	494.992	501.623	0.986237
1	100	0.02	0.002	50	0000	300	1	B	2	0.5	0	1	500	500	1000	0	1	300	300	0	0	0	0	641.936	657.923	663.569	643.343	489.535	496.588	0.941219
1	100	0.02	0.002	50	0000	300	1	B	2	0.5	0	1	500	500	1000	0	1	300	300	0	0	0	0	641.936	664.541	650.367	659.587	492.441	495.918	0.963775
1	100	0.02	0.002	50	0000	300	1	B	2	0.5	0	1	500	500	1000	0	1	300	300	0	0	0	0	658.116	663.632	662.138	636.053	506.472	482.915	0.846292
1	100	0.02	0.002	50	0000	300	1	B	2	0.5	0	1	500	500	1000	0	1	300	300	0	0	0	0	641.936	658.116	663.569	664.663	481.62	509.8	0.804985
1	100	0.02	0.002	50	0000	300	1	B	2	0.5	0	1	500	500	1000	0	1	300	300	0	0	0	0	664.541	638.012	705.405	663.539	468.207	534.6	0.331553
1	100	0.02	0.002	50	0000	300	1	B	2	0.5	0	1	500	500	1000	0	1	300	300	0	0	0	0	641.936	641.936	645.497	643.343	486.588	491.556	0.881978
1	100	0.02	0.002	50	0000	300	1	B	2	0.5	0	1	500	500	1000	0	1	300	300	0	0	0	0	658.616	658.116	647.147	660.966	499.48	490.862	0.958976
1	100	0.02	0.002	50	0000	300	1	B	2	0.5	0	1	500	500	1000	0	1	300	300	0	0	0	0	666.954	664.541	659.587	650.215	508.003	486.311	0.881858
1	100	0.02	0.002	50	0000	300	1	B	2	0.5	0	1	500	500	1000	0	1	300	300	0	0	0	0	641.936	664.258	665.718	663.539	484.959	508.023	0.864766
1	100	0.02	0.002	50	0000	300	1	B	2	0.5	0	1	500	500	1000	0	1	300	300	0	0	0	0	660.996	641.936	663.539	665.718	482.981	509.306	0.828515
1	100	0.02	0.002	50	0000	300	1	B	2	0.5	0	1	500	500	1000	0	1	300	300	0	0	0	0	655.2	641.936	658.065	643.343	489.96	494.231	0.935152
1	100	0.02	0.002	50	0000	300	1	B	2	0.5	0	1	500	500	1000	0	1	300	300	0	0	0	0	664.541	660.996	652.454	663.569	501.871	492.357	0.969519
1	100	0.02	0.002	50	0000	300	1	B	2	0.5	0	1	500	500	1000	0	1	300	300	0	0	0	0	655.2	664.541	645.497	674.968	496.578	497.302	0.990548
1	100	0.02	0.002	50	0000	300	1	B	2	0.5	0	1	500	500	1000	0	1	300	300	0	0	0	0	660.996	651.172	659.637	663.539	490.895	501.903	0.957662
1	100	0.02	0.002	50	0000	300	1	B	2	0.5	0	1	500	500	1000	0	1	300	300	0	0	0	0	679.726	660.996	663.569	663.539	506.977	493.363	0.954696
1	100	0.02	0.002	50	0000	300	1	B	2	0.5	0	1	500	500	1000	0	1	300	300	0	0	0	0	657.923	657.923	665.718	640.256	499.759	489.888	0.950129
1	100	0.02	0.002	50	0000	300	1	B	2	0.5	0	1	500	500	1000	0	1	300	300	0	0	0	0	664.541	641.936	590.652	663.539	514.331	462.045	0.439123
1	100	0.02	0.002	50	0000	300	1	B	2	0.5	0	1	500	500	1000	0	1	300	300	0	0	0	0	661.336	664.541	663.539	663.539	497.815	499.018	0.997134
1	100	0.02	0.002	50	0000	300	1	B	2	0.5	0	1	500	500	1000	0	1	300	300	0	0	0	0	664.175	664.541	677.402	659.587	495.765	504.039	0.983022
1	100	0.02	0.002	50	0000	300	1	B	2	0.5	0	1	500	500	1000	0	1	300	300	0	0	0	0	657.923	657.923	643.343	666.635	498.21	492.343	0.969556
1	100	0.02	0.002	50	0000	300	1	B	2	0.5	0	1	500	500	1000	0	1	300	300	0	0	0	0	641.936	663.051	640.39	645.497	500.816	481.716	0.845791
1	100	0.02	0.002	50	0000	300	1	B	2	0.5	0	1	500	500	1000	0	1	300	300	0	0	0	0	641.936	664.541	643.343	660.966	494.605	492.437	0.957763
1	100	0.02	0.002	50	0000	300	1	B	2	0.5	0	1	500	500	1000	0	1	300	300	0	0	0	0	658.116	694.307	640.39	663.539	523.508	475.015	0.555191
1	100	0.02	0.002	50	0000	300	1	B	2	0.5	0	1	500	500	1000	0	1	300	300	0	0	0	0	641.936	646.823	665.718	663.539	474.431	514.929	0.645115
1	100	0.02	0.002	50	0000	300	1	B	2	0.5	0	1	500	500	1000	0	1	300	300	0	0	0	0	657.082	641.936	663.539	616.691	499.296	480.509	0.826799
1	100	0.02	0.002	50	0000	300	1	B	2	0.5	0	1	500	500	1000	0	1	300	300	0	0	0	0	641.936	658.143	663.539	658.527	483.943	505.93	0.863724
1	100	0.02	0.002	50	0000	300	1	B	2	0.5	0	1	500	500	1000	0	1	300	300	0	0	0	0	666.954	641.936	645.597	633.718	505.841	476.266	0.741765
1	100	0.02	0.002	50	0000	300	1	B	2	0.5	0	1	500	500	1000	0	1	300	300	0	0	0	0	670.463	657.923	662.285	640.436	508.844	483.179	0.834786
1	100	0.02	0.002	50	0000	300	1	B	2	0.5	0	1	500	500	1000	0	1	300	300	0	0	0	0	658.143	641.936	640.256	672.556	487.43	500.163	0.92403
1	100	0.02	0.002	50	0000	300	1	B	2	0.5	0	1	500	500	1000	0	1	300	300	0	0	0	0	658.143	680.555	655.617	662.285	509.318	488.523	0.896481
1	100	0.02	0.002	50	0000	300	1	B	2	0.5	0	1	500	500	1000	0	1	300	300	0	0	0	0	646.823	656.36	663.539	663.569	483.937	507.863	0.852208
1	100	0.02	0.002	50	0000	300	1	B	2	0.5	0	1	500	500	1000	0	1	300	300	0	0	0	0	641.936	657.923	672.556	640.436	487.228	500.36	0.921612
1	100	0.02	0.002	50	0000	300	1	B	2	0.5	0	1	500	500	1000	0	1	300	300	0	0	0	0	664.541	649.484	663.539	659.587	492.05	501.152	0.968252
1	100	0.02	0.002	50	0000	300	1	B	2	0.5	0	1	500	500	1000	0	1	300	300	0	0	0	0	641.936	664.175	641.942	650.367	499.015	485.213	0.896002
1	100	0.02	0.002	50	0000	300	1	B	2	0.5	0	1	500	500	1000	0	1	300	300	0	0	0	0	641.345	658.616	655.617	679.025	479.182	513.863	0.731413
1	100	0.02	0.002	50	0000	300	1	B	2	0.5	0	1	500	500	1000	0	1	300	300	0	0	0	0	655.2	640.786	663.569	663.539	479.579	510.702	0.766616
1	100	0.02	0.002	50	0000	300	1	B	2	0.5	0	1	500	500	1000	0	1	300	300	0	0	0	0	663.403	658.616	650.367	660.966	501.509	490.824	0.957682
1	100	0.02	0.002	50	0000	300	1	B	2	0.5	0	1	500	500	1000	0	1	300	300	0	0	0	0	670.463	660.996	654.582	663.569	504.717	491.409	0.953106
1	100	0.02	0.002	50	0000	300	1	B	2	0.5	0	1	500	500	1000	0	1	300	300	0	0	0	2	658.116	613.951	659.677	652.454	237.187	1308.94	8.00112e-158
1	100	0.02	0.002	50	0000	300	1	B	2	0.5	0	1	500	500	1000	0	1	300	300	0	0	0	0	628.615	664.541	655.617	655.617	483.799	501.876	0.875466
1	100	0.02	0.002	50	0000	300	1	B	2	0.5	0	1	500	500	1000	0	1	300	300	0	0	0	0	641.936	646.533	643.343	659.587	484.067	498.528	0.879838
1	100	0.02	0.002	50	0000	300	1	B	2	0.5	0	1	500	500	1000	0	1	300	300	0	0	0	0	664.175	641.345	663.539	645.497	492.203	495.72	0.961219
1	100	0.02	0.002	50	0000	300	1	B	2	0.5	0	1	500	500	1000	0	1	300	300	0	0	0	0	663.632	787.702	663.539	659.587	579.52	451.312	0.0129463
1	100	0.02	0.002	50	0000	300	1	B	2	0.5	0	1	500	500	1000	0	1	300	300	0	0	0	0	664.541	646.823	643.343	663.569	496.622	492.17	0.964295
1	100	0.02	0.002	50	0000	300	1	B	2	0.5	0	1	500	500	1000	0	1	300	300	0	0	0	0	665.928	641.936	655.617	663.539	489.788	501.08	0.948642
1	100	0.02	0.002	50	0000	300	1	B	2	0.5	0	1	500	500	1000	0	1	300	300	0	0	0	0	658.616	641.936	665.718	663.569	481.529	510.264	0.799901
1	100	0.02	0.002	50	0000	300	1	B	2	0.5	0	1	500	500	1000	0	1	300	300	0	0	0	0	670.463	661.336	655.617	663.539	504.537	491.894	0.957773
1	100	0.02	0.002	50	0000	300	1	B	2	0.5	0	1	500	500	1000	0	1	300	300	0	0	0	0	657.923	664.541	663.539	665.718	494.885	501.679	0.985612
1	100	0.02	0.002	50	0000	300	1	B	2	0.5	0	1	500	500	1000	0	1	300	300	0	0	0	0	646.823	666.954	663.569	665.785	489.537	505.114	0.934433
1	100	0.02	0.002	50	0000	300	1	B	2	0.5	0	1	500	500	1000	0	1	300	300	0	0	0	0	655.2	664.541	663.539	652.454	498.297	494.55	0.983833
1	100	0.02	0.002	50	0000	300	1	B	2	0.5	0	1	500	500	1000	0	1	300	300	0	0	0	0	658.116	657.832	663.569	663.539	491.713	502.875	0.962263
1	100	0.02	0.002	50	0000	300	1	B	2	0.5	0	1	500	500	1000	0	1	300	300	0	0	0	0	640.786	646.93	645.057	658.065	483.534	498.941	0.872729
1	100	0.02	0.002	50	0000	300	1	B	2	0.5	0	1	500	500	1000	0	1	300	300	0	0	0	0	660.996	657.923	655.617	639.932	505.74	482.37	0.842075
1	100	0.02	0.002	50	0000	300	1	B	2	0.5	0	1	500	500	1000	0	1	300	300	0	0	0	0	664.541	646.823	640.436	665.785	496.888	491.746	0.961838
1	100	0.02	0.002	50	0000	300	1	B	2	0.5	0	1	500	500	1000	0	1	300	300	0	0	0	0	641.936	655.2	663.539	640.39	488.999	495.792	0.932981
1	100	0.02	0.002	50	0000	300	1	B	2	0.5	0	1	500	500	1000	0	1	300	300	0	0	0	0	641.936	666.954	663.569	643.386	495.078	493.142	0.964999
1	100	0.02	0.002	50	0000	300	1	B	2	0.5	0	1	500	500	1000	0	1	300	300	0	0	0	0	646.93	657.923	630.06	661.326	498.591	485.124	0.894366
1	100	0.02	0.002	50	0000	300	1	B	2	0.5	0	1	500	500	1000	0	1	300	300	0	0	0	0	622.362	641.936	648.168	655.617	469.086	508.572	0.597748
1	100	0.02	0.002	50	0000	300	1	B	2	0.5	0	1	500	500	1000	0	1	300	300	0	0	0	0	664.541	645.112	659.587	655.617	492.388	497.939	0.969386
1	100	0.02	0.002	50	0000	300	1	B	2	0.5	0	1	500	500	1000	0	1	300	300	0	0	0	0	646.823	664.175	640.39	660.966	498.541	488.9	0.939253
1	100	0.02	0.002	50	0000	300	1	B	2	0.5	0	1	500	500	1000	0	1	300	300	0	0	0	0	658.616	670.463	663.539	644.443	507.209	486.113	0.884787
1	100	0.02	0.002	50	0000	300	1	B	2	0.5	0	1	500	500	1000	0	1	300	300	0	0	0	0	652.733	657.923	663.539	631.145	500.92	484.949	0.892533
1	100	0.02	0.002	50	0000	300	1	B	2	0.5	0	1	500	500	1000	0	1	300	300	0	0	0	0	658.116	658.116	663.539	665.718	491.071	504.098	0.952889
1	100	0.02	0.002	50	0000	300	1	B	2	0.5	0	1	500	500	1000	0	1	300	300	0	0	0	0	654.183	657.923	665.718	659.587	490.049	503.249	0.946686
1	100	0.02	0.002	50	0000	300	1	B	2	0.5	0	1	500	500	1000	0	1	300	300	0	0	0	0	655.2	609.552	676.266	663.539	456.362	531.415	0.235606
1	100	0.02	0.002	50	0000	300	1	B	2	0.5	0	1	500	500	1000	0	1	300	300	0	0	0	0	658.931	658.116	660.966	659.587	494.887	498.393	0.985738
1	100	0.02	0.002	50	0000	300	1	B	2	0.5	0	1	500	500	1000	0	1	300	300	0	0	0	0	641.936	663.632	645.057	660.966	493.386	493.841	0.959988
1	100	0.02	0.002	50	0000	300	1	B	2	0.5	0	1	500	500	1000	0	1	300	300	0	0	0	0	655.2	666.954	655.617	666.635	497.378	497.475	0.993396
1	100	0.02	0.002	50	0000	300	1	B	2	0.5	0	1	500	500	1000	0	1	300	300	0	0	0	0	658.116	694.591	652.454	659.587	520.429	479.764	0.661381
1	100	0.02	0.002	50	0000	300	1	B	2	0.5	0	1	500	500	1000	0	1	300	300	0	0	0	0	633.066	641.936	654.582	677.125	465.317	522.021	0.430025
1	100	0.02	0.002	50	0000	300	1	B	2	0.5	0	1	500	500	1000	0	1	300	300	0	0	0	0	664.215	658.116	655.617	601.349	523.357	457.991	0.315008
1	100	0.02	0.002	50	0000	300	1	B	2	0.5	0	1	500	500	1000	0	1	300	300	0	0	0	0	660.996	657.923	655.617	653.606	500.406	490.709	0.957681
1	100	0.02	0.002	50	0000	300	1	B	2	0.5	0	1	500	500	1000	0	1	300	300	0	0	0	0	658.116	657.923	662.429	662.285	492.68	501.355	0.972667
1	100	0.02	0.002	50	0000	300	1	B	2	0.5	0	1	500	500	1000	0	1	300	300	0	0	0	0	646.533	655.2	665.718	643.343	489.867	497.195	0.94623
1	100	0.02	0.002	50	0000	300	1	B	2	0.5	0	1	500	500	1000	0	1	300	300	0	0	0	0	641.936	666.954	665.718	660.966	487.567	505.36	0.912418
1	100	0.02	0.002	50	0000	300	1	B	2	0.5	0	1	500	500	1000	0	1	300	300	0	0	0	0	666.954	664.541	663.569	663.539	501.266	496.88	0.994347
1	100	0.02	0.002	50	0000	300	1	B	2	0.5	0	1	500	500	1000	0	1	300	300	0	0	0	0	641.936	658.616	645.057	640.39	498.221	483.117	0.8658
1	100	0.02	0.002	50	0000	300	1	B	2	0.5	0	1	500	500	1000	0	1	300	300	0	0	0	0	654.183	652.733	643.343	664.663	493.457	494.547	0.964377
